sprite1,0,0,220,220
sprite2,220,0,220,220
sprite3,440,0,220,220
sprite4,660,0,220,220
sprite5,880,0,220,220
sprite6,1100,0,45,220
sprite7,0,220,220,220
sprite8,220,220,220,220
sprite9,440,220,220,220
sprite10,660,220,220,220
sprite11,880,220,220,220
sprite12,1100,220,45,220
sprite13,0,440,220,220
sprite14,220,440,220,220
sprite15,440,440,220,220
sprite16,660,440,220,220
sprite17,880,440,220,220
sprite18,1100,440,45,220
sprite19,0,660,220,220
sprite20,220,660,220,220
sprite21,440,660,220,220
sprite22,660,660,220,220
sprite23,880,660,220,220
sprite24,1100,660,45,220
sprite25,0,880,220,220
sprite26,220,880,220,220
sprite27,440,880,220,220
sprite28,660,880,220,220
sprite29,880,880,220,220
sprite30,1100,880,45,220
sprite31,0,1100,220,220
sprite32,220,1100,220,220
sprite33,440,1100,220,220
sprite34,660,1100,220,220
sprite35,880,1100,220,220
sprite36,1100,1100,45,220
sprite37,0,1320,220,53
sprite38,220,1320,220,53
sprite39,440,1320,220,53
sprite40,660,1320,220,53
sprite41,880,1320,220,53
sprite42,1100,1320,45,53