sprite20,0,0,91,91
sprite21,91,0,91,91
sprite22,182,0,91,91
sprite23,273,0,91,91
sprite24,364,0,91,91
sprite25,455,0,1,91
sprite26,0,91,91,91
sprite27,91,91,91,91
sprite28,182,91,91,91
sprite29,273,91,91,91
sprite30,364,91,91,91
sprite31,455,91,1,91
sprite32,0,182,91,91
sprite33,91,182,91,91
sprite34,182,182,91,91
sprite35,273,182,91,91
sprite36,364,182,91,91
sprite37,455,182,1,91
sprite38,0,273,91,91
sprite39,91,273,91,91
sprite40,182,273,91,91
sprite41,273,273,91,91
sprite42,364,273,91,91
sprite43,455,273,1,91
sprite44,0,364,91,91
sprite45,91,364,91,91
sprite46,182,364,91,91
sprite47,273,364,91,91
sprite48,364,364,91,91
sprite49,455,364,1,91
sprite50,0,455,91,91
sprite51,91,455,91,91
sprite52,182,455,91,91
sprite53,273,455,91,91
sprite54,364,455,91,91
sprite55,455,455,1,91
sprite56,0,546,91,1
sprite57,91,546,91,1
sprite58,182,546,91,1
sprite59,273,546,91,1
sprite60,364,546,91,1
sprite61,455,546,1,1