idle_1,0,0,97,103
idle_2,97,0,97,103
idle_3,194,0,97,103
idle_4,291,0,97,103
idle_5,388,0,97,103
sprite54,485,0,2,103
walk_1,0,103,97,103
walk_2,97,103,97,103
walk_3,194,103,97,103
walk_4,291,103,97,103
walk_5,388,103,97,103
sprite60,485,103,2,103
attack_1,0,206,97,103
attack_2,97,206,97,103
attack_3,194,206,97,103
attacked_1,291,206,97,103
attacked_2,388,206,97,103
sprite66,485,206,2,103
skill_1,0,309,97,103
skill_2,97,309,97,103
skill_3,194,309,97,103
skill_4,291,309,97,103
skill_5,388,309,97,103
sprite72,485,309,2,103
happy_1,0,412,97,101
tired_1,97,412,97,101
tired_2,194,412,97,101
ghost_1,291,412,97,101
ghost_2,388,412,97,101
sprite78,485,412,2,101