fire_1,0,0,95,100
fire_2,95,0,95,100
fire_3,190,0,95,100
fire_4,285,0,95,100
fire_5,380,0,95,100
sprite30,475,0,4,100
ice_1,0,100,95,100
ice_2,95,100,95,100
ice_3,190,100,95,100
ice_4,285,100,95,100
ice_5,380,100,95,100
sprite36,475,100,4,100
spark_1,0,200,95,100
spark_2,95,200,95,100
spark_3,190,200,95,100
spark_4,285,200,95,100
spark_5,380,200,95,100
sprite42,475,200,4,100
ghost_1,0,300,95,100
ghost_2,95,300,95,100
ghost_3,190,300,95,100
ghost_4,285,300,95,100
ghost_5,380,300,95,100
sprite48,475,300,4,100
sword_1,0,400,95,100
sword_2,95,400,95,100
sword_3,190,400,95,100
sword_4,285,400,95,100
sword_5,380,400,95,100
sprite54,475,400,4,100
sprite55,0,500,95,20
sprite56,95,500,95,20
sprite57,190,500,95,20
sprite58,285,500,95,20
sprite59,380,500,95,20
sprite60,475,500,4,20