sprite49,0,0,209,209
sprite50,209,0,209,209
sprite51,418,0,209,209
sprite52,627,0,209,209
sprite53,836,0,209,209
sprite54,1045,0,209,209
sprite55,0,209,209,209
sprite56,209,209,209,209
sprite57,418,209,209,209
sprite58,627,209,209,209
sprite59,836,209,209,209
sprite60,1045,209,209,209
sprite61,0,418,209,209
sprite62,209,418,209,209
sprite63,418,418,209,209
sprite64,627,418,209,209
sprite65,836,418,209,209
sprite66,1045,418,209,209
sprite67,0,627,209,209
sprite68,209,627,209,209
sprite69,418,627,209,209
sprite70,627,627,209,209
sprite71,836,627,209,209
sprite72,1045,627,209,209
sprite73,0,836,209,209
sprite74,209,836,209,209
sprite75,418,836,209,209
sprite76,627,836,209,209
sprite77,836,836,209,209
sprite78,1045,836,209,209
sprite79,0,1045,209,209
sprite80,209,1045,209,209
sprite81,418,1045,209,209
sprite82,627,1045,209,209
sprite83,836,1045,209,209
sprite84,1045,1045,209,209